clean/data
ncols 500
nrows 500
xllcorner    355000
yllcorner    175000
cellsize     2
NODATA_value -9999
[rows 320 to 351 of 500, columns 360 to 431 of 500]
50.859 52.154 50.494 46.769 46.767 47.159 47.639 47.692 47.614 47.359 47.419 47.524 47.264 47.192 47.159 47.119 47.247 47.839 48.007 48.127 48.172 48.342 51.202 57.514 58.499 60.764 60.349 53.799 53.532 50.962 57.899 53.817 51.964 49.152 49.392 54.099 50.639 50.692 51.712 50.807 50.329 50.319 50.064 50.342 52.099 50.972 50.274 50.252 50.274 50.372 51.089 53.184 54.944 55.197 54.347 51.224 51.142 50.109 50.074 50.112 50.142 50.172 50.154 50.102 50.529 51.849 52.804 51.447 50.872 50.944 51.079 51.157
54.482 53.644 51.979 49.307 46.914 47.047 47.627 47.479 47.444 48.162 48.114 47.537 47.437 47.382 47.422 47.684 47.942 48.337 48.364 48.479 48.532 48.572 51.112 60.299 63.069 65.197 57.802 59.029 49.959 55.187 62.504 57.344 51.924 49.979 51.812 51.899 50.154 50.464 50.704 50.367 50.352 50.297 50.179 50.312 51.849 51.839 50.407 50.312 50.374 50.984 52.907 54.184 54.297 53.874 51.389 51.019 51.887 50.294 50.197 50.299 50.314 50.292 50.229 51.354 51.767 52.987 51.727 50.944 51.029 51.152 51.279 51.312
55.827 55.194 52.694 47.937 47.174 47.219 47.527 47.637 47.739 47.824 48.229 47.954 47.657 47.634 47.774 48.084 48.349 50.107 49.787 48.714 48.822 48.994 49.379 56.732 63.684 62.642 61.994 65.217 56.317 51.077 52.942 49.157 49.999 53.372 53.884 53.964 50.337 50.264 50.474 50.229 50.282 50.412 50.319 50.367 51.852 52.059 50.379 50.982 52.189 53.672 54.509 55.232 55.059 53.409 50.737 51.062 52.082 50.982 50.362 50.437 50.402 51.169 54.082 56.117 56.377 52.252 51.039 51.114 51.242 51.347 51.472 51.522
55.059 54.504 53.692 48.759 47.344 47.369 47.659 48.089 47.727 48.297 47.997 47.937 47.879 47.907 48.077 48.352 48.577 48.997 49.072 48.889 49.024 49.269 50.162 55.944 60.849 63.407 62.784 62.099 51.244 49.234 49.247 49.409 51.677 54.169 52.162 51.174 50.384 50.269 50.314 50.334 50.389 50.407 50.467 50.557 52.184 52.452 51.262 53.057 54.067 54.822 55.602 56.039 55.304 54.064 51.472 50.742 52.459 51.622 50.519 50.567 50.522 50.732 55.067 57.234 56.964 54.032 51.222 51.334 51.434 51.524 51.637 51.712
53.399 53.352 54.652 50.052 47.332 47.464 47.749 48.032 48.189 48.139 48.317 48.124 48.089 48.162 48.334 48.544 48.734 48.894 48.992 49.219 49.837 50.822 49.904 50.914 59.924 63.552 65.519 54.874 50.989 54.959 53.372 51.214 49.679 49.772 51.317 50.662 50.332 50.337 50.402 50.454 50.492 50.509 50.737 51.769 53.369 51.942 52.404 54.197 55.032 55.844 56.164 55.517 54.757 53.459 52.009 51.117 54.357 51.489 50.642 51.857 50.589 50.654 53.819 55.727 55.932 52.732 51.427 51.527 51.622 51.702 51.769 51.854
52.679 51.089 50.314 47.287 47.417 47.584 47.747 47.839 48.097 47.927 48.222 48.289 48.312 48.412 48.572 48.744 48.899 49.049 49.442 50.394 51.034 49.614 49.337 49.357 50.107 53.472 51.967 55.199 57.482 56.242 55.309 54.954 51.814 51.059 51.274 52.217 52.527 50.442 52.239 50.554 50.674 50.607 51.532 53.544 53.404 52.779 51.167 53.342 54.894 55.739 55.217 54.482 52.852 51.274 52.312 53.949 54.514 51.072 50.747 51.904 50.692 53.084 54.192 52.609 51.609 51.567 51.639 51.722 51.779 51.859 51.927 52.014
49.007 47.157 47.164 47.272 47.464 47.644 47.812 47.959 48.282 48.762 53.277 51.077 48.507 48.637 48.829 48.952 49.227 49.809 50.969 50.537 49.837 49.327 49.369 49.369 49.324 49.292 49.539 53.342 56.887 56.087 52.867 53.684 54.104 51.782 50.349 58.229 58.634 55.852 56.157 50.612 50.612 50.657 50.694 51.824 53.502 53.369 51.937 51.299 54.137 54.779 54.174 52.867 50.949 50.942 51.324 52.822 53.542 50.967 51.867 52.057 50.937 52.572 55.702 51.777 51.687 51.757 51.797 51.867 51.927 51.974 52.069 53.827
47.084 47.122 47.189 47.352 47.559 47.747 47.872 48.039 48.217 48.412 51.927 51.677 50.809 49.822 49.044 49.164 50.057 51.217 49.949 49.387 49.347 49.369 49.354 49.332 49.264 49.627 50.732 52.599 55.627 55.607 50.382 50.334 51.474 50.494 50.812 56.229 57.192 58.462 59.779 52.924 50.844 50.809 52.269 54.077 54.162 51.749 51.202 50.947 52.309 53.819 52.854 51.407 51.084 51.112 51.039 53.302 51.874 51.052 51.744 52.687 51.192 52.762 52.477 51.994 51.884 51.909 51.944 52.017 52.044 52.067 52.804 54.372
47.144 47.292 47.392 47.569 47.722 47.807 47.952 48.102 48.262 48.392 52.334 56.667 57.849 52.559 49.369 50.594 50.872 50.194 49.317 49.359 49.367 49.344 49.322 50.362 50.892 51.497 51.584 50.894 51.957 51.407 50.367 50.492 50.592 50.539 51.409 51.097 56.004 58.599 55.552 51.142 53.312 54.184 55.454 56.347 56.309 51.779 51.277 52.287 51.197 51.954 51.247 51.274 51.132 51.159 51.367 54.349 51.812 51.164 51.149 52.889 51.354 52.634 52.377 52.877 52.099 52.047 52.092 52.114 52.124 52.389 54.239 54.862
47.277 47.442 47.577 47.712 47.839 47.894 48.012 48.187 48.352 48.502 54.712 61.624 62.459 58.592 49.587 49.497 49.384 49.302 49.364 49.399 49.377 49.274 49.354 51.489 54.419 53.077 51.819 50.317 50.337 50.389 50.464 50.779 50.859 51.144 50.904 50.927 53.414 50.767 50.967 54.842 58.124 57.314 56.629 57.264 56.852 54.244 51.467 51.809 51.834 51.902 51.222 51.179 51.254 51.274 51.569 54.907 51.874 51.317 51.247 51.332 52.237 53.584 52.672 52.264 52.227 52.174 52.177 52.184 52.194 52.692 55.107 55.109
47.472 47.487 47.617 47.882 47.999 48.054 48.134 48.279 48.944 50.712 58.649 62.767 62.274 60.804 52.437 50.142 49.294 49.352 49.364 49.309 49.319 49.397 49.519 49.859 51.462 51.562 50.474 50.367 50.402 50.437 50.547 51.092 50.752 51.497 52.397 54.097 52.367 52.542 52.429 51.694 56.939 58.137 57.472 56.772 56.047 53.897 51.527 51.407 52.062 52.282 51.259 51.329 51.379 51.399 52.232 54.459 51.499 51.464 51.437 51.562 52.454 54.497 55.994 53.069 52.264 52.279 52.272 52.252 52.434 54.707 54.889 55.219
47.497 47.582 47.734 47.937 48.109 48.154 48.229 48.357 49.422 55.084 52.362 56.397 51.294 56.464 55.934 53.577 49.379 49.344 49.307 49.322 49.432 50.514 49.957 49.897 50.209 51.434 50.512 50.479 50.474 50.517 50.617 50.804 51.454 53.554 54.597 54.884 53.859 52.167 52.617 52.037 53.962 57.669 58.164 56.654 53.469 51.407 51.409 51.314 51.637 51.564 51.412 51.714 51.707 51.547 52.212 52.242 51.584 51.619 51.599 51.729 52.104 54.742 55.659 53.659 52.317 52.364 52.367 52.362 53.322 54.864 54.864 57.199
47.609 47.702 47.844 47.992 48.154 48.234 48.327 48.477 50.504 56.562 62.474 60.472 61.642 60.857 58.227 50.539 49.332 49.289 49.377 50.279 50.887 50.249 50.377 50.142 50.194 50.649 51.834 50.512 50.532 50.599 50.834 51.172 51.007 52.517 54.034 55.002 54.869 52.489 53.159 51.567 50.997 55.202 57.964 57.627 52.179 51.114 51.369 51.647 52.484 51.602 51.602 51.632 51.724 51.737 52.052 52.574 51.737 51.782 51.774 52.114 54.559 52.992 52.669 52.307 52.419 52.482 52.479 52.584 52.877 54.329 58.304 61.812
47.719 47.812 47.932 48.052 48.179 48.309 50.107 51.687 64.584 60.314 54.169 61.899 66.644 62.519 55.057 49.327 49.277 49.484 49.999 50.817 50.329 50.214 50.307 50.422 50.277 50.414 51.162 50.939 50.632 50.719 50.789 50.919 50.964 51.739 55.139 56.619 54.662 51.469 53.099 51.784 51.372 52.069 54.839 52.869 51.427 51.217 52.244 52.129 52.132 51.824 51.772 51.799 51.837 52.099 52.334 52.217 51.899 51.912 51.929 52.409 54.017 52.472 52.404 52.494 52.589 52.629 52.647 52.792 53.127 53.464 59.929 62.827
47.817 47.937 49.237 48.749 50.894 54.877 63.912 60.314 63.972 67.514 65.009 66.014 61.634 58.659 49.607 49.299 50.159 50.767 50.289 50.184 50.247 50.304 50.344 50.459 50.442 50.449 50.697 51.602 50.737 51.699 51.517 51.507 53.299 55.454 57.197 57.777 57.894 53.649 53.832 56.254 53.217 51.209 51.092 51.607 51.234 51.314 51.472 51.882 52.759 52.852 52.387 52.967 53.017 52.999 52.177 52.084 52.089 52.082 52.102 52.692 53.774 52.619 52.664 52.744 52.809 52.882 52.947 53.089 53.312 53.509 55.052 60.782
47.942 48.537 58.054 56.887 66.174 70.389 59.849 70.087 67.449 71.549 63.874 58.142 50.754 50.322 49.297 49.754 50.567 50.364 50.202 50.262 50.347 50.382 50.424 50.439 50.599 50.932 50.849 51.344 52.574 53.292 53.287 56.259 56.917 57.424 57.914 57.592 57.739 57.009 52.974 57.019 56.442 52.104 51.564 51.339 51.409 51.469 51.664 53.362 56.839 53.149 53.167 53.119 52.389 52.192 52.232 52.207 52.209 52.222 52.289 53.479 53.917 52.857 52.937 53.017 53.099 53.172 53.252 53.394 53.567 53.742 53.984 55.832
48.677 54.614 64.559 66.644 68.652 70.207 67.322 63.714 72.139 70.034 62.252 50.644 49.264 49.677 50.432 50.552 50.144 50.187 50.249 50.317 50.404 50.462 50.499 50.567 50.747 50.989 51.742 51.054 52.277 52.284 56.232 57.604 57.832 57.772 57.292 55.734 56.662 57.829 55.714 56.852 58.059 54.029 51.412 51.469 51.497 51.549 51.589 56.739 58.949 54.269 52.634 52.797 52.637 52.289 52.389 52.377 52.407 52.407 52.474 53.662 54.114 53.132 53.224 53.312 53.392 53.477 53.562 53.697 53.829 53.982 54.137 55.034
50.624 62.079 64.502 64.599 68.672 68.437 61.929 71.889 71.174 68.919 57.519 49.504 49.359 50.044 50.439 51.039 50.247 50.227 50.282 50.357 50.432 50.509 50.564 50.712 50.857 50.844 51.002 51.794 51.584 51.132 52.774 57.844 57.619 56.452 54.962 52.117 54.039 57.174 55.027 53.954 54.982 52.094 51.474 51.514 51.559 51.629 51.694 52.447 54.742 52.174 52.319 52.572 53.172 52.867 52.899 52.519 52.552 52.562 52.632 54.007 54.134 53.422 53.527 53.592 53.677 53.787 53.894 53.984 54.104 54.229 54.462 59.372
59.474 63.354 60.697 64.514 72.819 70.132 67.667 67.694 63.007 56.904 50.319 52.434 51.247 49.594 49.882 50.332 51.064 50.242 50.312 50.382 50.462 50.532 50.664 50.889 50.887 50.912 51.934 53.504 53.342 51.534 51.497 54.694 56.037 52.609 51.062 51.197 51.134 51.454 51.627 52.614 53.094 51.804 51.549 51.599 51.649 51.717 52.289 56.692 60.004 56.944 53.417 53.657 53.782 53.469 53.177 52.684 52.692 52.739 52.799 53.952 54.367 53.714 53.842 53.907 53.992 54.102 54.207 54.269 54.364 54.567 58.094 63.617
66.274 68.952 69.934 61.487 71.372 68.734 68.897 66.157 58.354 51.499 54.744 60.604 60.162 53.339 49.857 50.089 50.669 50.869 50.327 50.392 50.472 50.567 50.784 50.874 50.917 52.667 56.194 55.537 53.509 52.397 51.294 52.992 52.092 51.389 51.302 51.917 52.004 51.789 51.499 51.652 52.312 52.484 51.712 51.714 51.752 51.817 53.194 60.074 60.312 60.872 55.984 54.062 53.627 53.077 52.887 52.842 52.874 52.924 53.004 54.327 54.372 54.009 54.144 54.232 54.329 54.437 54.524 54.547 54.924 60.394 63.492 64.147
65.279 66.919 73.247 72.282 68.629 65.159 64.594 56.987 51.974 51.497 57.739 65.754 68.762 61.629 52.819 50.079 50.214 50.747 50.997 50.437 50.554 50.764 50.879 51.014 52.532 58.217 57.592 56.544 52.252 51.379 51.199 51.509 53.194 52.504 52.462 51.799 51.684 51.517 51.542 51.592 51.652 52.739 51.864 51.819 51.859 52.049 55.117 58.042 60.617 59.729 54.069 52.902 52.859 52.922 52.992 53.004 53.039 53.067 53.179 54.489 54.574 54.297 54.424 54.554 54.684 54.752 54.817 55.029 59.729 63.707 64.077 64.187
61.919 68.067 72.149 71.842 69.829 55.777 55.572 51.597 50.937 50.524 59.029 64.239 66.859 59.334 51.652 50.682 50.874 50.419 51.337 51.242 51.087 50.882 50.894 53.777 57.154 58.212 58.482 57.384 55.714 51.384 51.119 51.307 52.064 52.792 52.179 51.504 51.509 51.537 51.614 51.682 51.727 52.702 52.212 52.009 52.782 52.982 53.509 53.674 54.742 53.812 53.244 52.954 53.032 53.134 53.177 53.192 53.212 53.257 53.384 54.809 54.729 54.629 54.724 54.837 54.944 55.022 55.072 55.832 63.367 64.067 64.079 64.044
54.354 62.104 64.224 60.819 54.244 50.729 52.412 50.629 50.609 50.419 54.062 61.179 63.494 51.557 51.169 52.384 53.779 52.284 50.722 51.182 51.237 50.887 52.297 56.302 57.384 57.749 58.402 58.027 57.147 55.427 51.217 51.502 52.339 52.224 51.549 51.564 51.609 51.642 51.674 51.749 51.789 53.172 52.862 52.199 52.679 53.867 53.582 53.094 52.864 52.952 53.052 53.152 53.299 53.512 54.134 53.549 53.379 53.447 53.564 54.649 55.039 54.924 54.987 55.077 55.147 55.199 55.249 55.327 58.619 62.959 64.054 64.059
49.277 51.299 51.869 49.827 50.922 53.087 51.549 53.107 51.554 51.002 50.127 54.179 53.154 50.704 50.099 53.794 53.787 52.722 51.467 50.587 52.069 51.552 54.207 57.477 57.267 56.759 57.702 58.402 56.407 52.862 51.357 51.742 51.804 52.879 51.682 51.817 52.434 51.744 51.762 51.819 52.259 54.092 53.904 52.792 53.344 53.472 52.884 52.929 52.997 53.112 53.229 53.314 53.762 54.629 54.147 53.684 53.577 53.624 53.739 54.694 55.074 55.092 55.174 55.249 55.327 55.374 55.439 55.509 55.949 58.599 63.309 64.064
49.274 49.227 49.309 50.352 50.382 50.592 50.099 51.559 53.882 49.999 49.974 50.024 50.052 50.109 50.127 50.867 53.614 56.692 59.557 54.804 51.629 52.632 52.277 56.057 53.907 54.137 56.077 55.472 52.444 51.427 51.439 51.492 51.577 52.639 52.852 51.922 51.747 51.822 51.877 53.929 56.699 56.832 54.864 54.552 56.412 53.422 52.937 53.222 53.894 53.484 53.447 53.587 53.972 54.869 54.879 53.679 53.739 53.824 53.922 54.674 55.269 55.232 55.322 55.382 55.477 55.532 55.589 55.644 55.714 57.324 63.334 64.562
49.534 49.392 49.349 49.524 49.652 49.752 49.827 49.967 51.074 51.489 50.112 50.034 50.104 50.177 50.207 50.242 53.152 60.232 61.434 56.647 51.534 52.152 52.389 51.764 51.052 51.104 51.622 51.287 51.307 51.517 51.534 51.582 51.649 51.807 53.057 52.744 52.887 52.067 55.412 58.534 58.607 55.809 55.327 56.914 57.117 56.554 53.514 53.662 53.839 53.632 53.634 53.754 54.194 55.154 54.147 53.912 53.942 54.014 54.094 54.587 55.539 55.352 55.444 55.519 55.602 55.662 55.714 55.819 55.807 59.367 65.009 65.277
52.299 51.394 49.789 49.527 49.639 49.757 49.879 49.989 50.207 51.589 51.442 50.077 50.129 50.219 50.307 50.349 51.407 56.269 56.519 51.154 51.492 50.892 51.969 52.394 51.162 51.249 51.759 53.087 52.409 51.572 51.642 51.692 51.744 51.884 52.652 54.392 52.467 54.772 57.947 59.127 58.374 53.502 53.644 57.617 59.954 59.867 56.787 54.009 53.659 53.699 53.779 53.879 53.977 54.297 55.034 54.364 54.154 54.209 54.264 54.447 55.779 55.489 55.579 55.649 55.704 55.782 55.837 56.849 60.119 64.894 65.272 65.239
54.607 51.579 51.264 49.709 49.709 49.809 49.892 50.014 50.189 50.324 51.427 51.284 50.207 50.279 50.372 50.424 50.499 50.859 51.052 50.797 50.924 50.937 50.992 52.119 52.312 51.267 51.354 52.172 51.699 51.632 51.717 51.792 51.834 51.884 52.199 53.342 53.874 57.407 58.984 57.402 55.244 52.847 53.722 58.472 60.227 60.519 59.362 54.619 53.732 53.779 53.864 53.964 54.019 54.302 56.192 55.609 54.354 54.442 54.474 54.789 56.129 55.667 55.717 55.794 55.889 55.934 56.062 60.767 65.304 64.677 64.844 65.257
52.559 53.064 55.057 52.367 49.949 49.872 49.952 50.119 50.709 50.709 50.404 51.857 51.222 50.324 50.417 50.494 50.584 50.674 50.814 50.917 51.232 51.502 51.054 51.197 52.814 52.119 51.429 51.522 51.604 51.709 51.797 51.874 51.939 51.979 52.109 53.727 57.292 58.459 56.382 53.007 52.632 52.937 53.937 56.957 59.639 60.709 60.002 57.449 53.917 53.822 53.987 54.669 54.059 55.972 57.914 56.557 55.449 54.634 54.649 54.779 56.179 56.464 56.394 56.582 56.277 56.664 62.132 65.119 65.284 63.589 65.199 65.282
52.327 56.214 55.369 53.554 50.752 49.949 50.037 50.222 51.379 50.704 50.472 50.814 52.019 51.702 50.497 50.619 50.674 50.884 51.962 54.574 53.084 52.559 53.217 53.377 52.547 53.017 51.797 52.002 51.687 51.772 51.882 51.954 52.039 52.097 52.187 54.502 56.179 55.842 53.714 52.712 53.097 55.044 55.924 54.289 58.242 60.167 60.514 59.459 55.224 53.839 54.139 54.462 55.692 55.424 56.162 57.489 55.052 54.807 54.847 54.992 56.444 57.619 57.552 57.569 56.834 58.407 64.362 65.282 65.232 65.249 65.294 65.309
51.314 53.009 53.859 52.022 52.889 50.549 50.142 50.264 50.682 50.459 50.944 51.197 50.567 51.542 51.924 50.692 51.392 53.297 57.247 57.547 56.929 54.324 53.824 53.964 53.039 52.432 53.132 51.969 51.797 51.889 51.947 52.027 52.154 52.619 54.459 54.257 53.477 53.489 53.267 52.944 53.139 55.057 54.612 54.272 55.299 59.617 60.632 60.062 57.752 54.339 53.904 54.124 55.927 56.817 56.862 57.347 54.844 55.009 55.052 55.132 56.822 57.492 57.249 57.304 56.942 56.612 60.837 65.082 65.239 65.277 65.307 65.342
50.114 50.572 50.609 51.004 50.734 51.819 50.264 50.304 52.752 51.814 50.494 50.954 50.869 51.297 52.739 52.667 55.314 53.662 56.944 57.564 57.477 56.814 56.092 55.144 53.552 52.082 52.182 53.437 52.067 52.037 52.104 52.132 52.362 53.177 53.267 52.822 53.292 52.804 52.902 53.159 53.327 53.372 53.457 54.074 53.747 58.052 60.147 60.607 59.514 55.537 54.074 55.337 54.904 55.202 57.229 56.212 55.087 55.214 55.252 55.317 59.292 62.409 58.107 57.292 56.969 57.102 57.377 60.317 65.047 65.304 65.317 64.952
