clean/data
ncols 500
nrows 500
xllcorner    355000
yllcorner    175000
cellsize     2
NODATA_value -9999
[rows 352 to 383 of 500, columns 216 to 287 of 500]
33.197 32.95 33.042 33.32 33.587 34.112 35.345 35.08 35.217 35.022 35.647 36.38 36.42 36.28 37.995 40.287 37.802 39.822 42.827 43.43 41.095 36.792 36.612 37.267 37.077 36.522 36.442 36.36 36.247 36.74 38.33 38.152 36.822 36.872 36.939 37.044 39.389 43.317 44.532 45.117 43.877 40.382 36.587 37.942 38.037 37.264 37.107 37.024 38.139 41.874 43.887 43.629 41.512 39.534 39.614 39.729 39.839 39.972 40.464 41.347 45.059 45.084 44.089 41.364 42.089 45.364 46.592 49.842 48.129 46.332 43.094 42.287
34.167 33.46 33.307 33.402 34.012 34.767 35.31 36.07 36.062 35.717 35.757 35.892 35.772 38.1 43.447 44.997 43.847 41.315 39.18 39.355 37.567 36.732 36.945 37.762 36.782 36.682 36.605 36.475 36.412 39.405 37.902 38.397 37.155 36.957 37.324 38.189 41.937 44.312 45.047 44.619 43.522 42.702 39.144 38.929 39.349 39.057 37.834 37.742 38.919 41.964 42.239 43.899 42.362 40.224 39.959 40.604 40.254 40.192 42.577 44.729 44.229 43.614 44.019 42.137 41.652 44.724 44.617 45.607 48.489 51.487 48.612 44.577
34.21 33.502 33.932 33.627 34.1 35.035 35.425 35.855 36.015 35.77 35.705 35.74 36.467 43.447 45.122 44.265 43.937 40.077 38.772 38.425 37.832 37.442 38.38 37.137 36.897 36.817 36.72 36.667 38.31 39.2 37.992 37.255 37.6 37.147 38.184 41.154 44.002 44.989 44.642 42.904 42.764 41.479 38.584 39.699 39.167 39.602 38.202 38.059 39.327 41.924 43.827 42.657 43.087 42.249 40.509 40.814 41.542 43.107 45.832 47.682 43.374 42.782 43.334 42.707 44.114 45.829 44.844 45.319 50.007 51.877 50.964 49.249
33.747 33.967 33.965 33.817 34.382 35.382 35.597 35.607 35.665 35.547 35.302 35.752 40.66 44.76 44.81 42.637 40.847 37.862 38.222 37.945 39.617 40.367 38.177 37.162 37.062 36.975 36.852 36.97 37.257 38.487 39.442 37.597 37.252 40.227 42.962 43.569 44.914 44.834 41.679 39.159 39.737 38.189 38.484 39.647 40.167 39.307 39.039 39.512 39.619 41.234 42.669 43.359 43.689 44.319 42.652 41.192 43.732 43.814 45.287 44.492 41.942 42.347 42.622 44.637 47.974 43.912 44.262 48.374 51.094 50.704 52.724 52.492
38.05 37.392 34.682 35.712 34.655 35.13 35.512 35.625 35.525 35.392 35.32 37.41 44.175 45.072 43.92 41.1 38.667 37.867 37.757 37.78 38.412 39.222 38.575 37.297 37.207 37.102 37.095 37.4 37.435 37.62 38.305 39.255 38.45 43.69 44.709 44.729 45.029 42.799 38.079 37.834 37.729 38.414 38.592 38.657 40.202 40.782 40.062 41.352 41.479 42.779 43.417 43.522 44.142 44.049 44.529 43.959 44.027 43.679 44.752 41.844 42.052 43.337 42.859 45.232 45.734 44.237 49.382 52.077 52.002 54.029 53.617 53.159
43.957 41.357 39.057 43.16 39.962 37.027 36.655 35.99 36.032 35.617 35.25 42.332 44.855 44.665 42.155 39.06 37.81 37.972 37.865 38.77 38.852 38.325 38.28 37.462 37.325 37.942 42.055 39.117 38.62 37.912 38.547 38.94 41.545 42.037 44.634 45.152 44.139 38.809 37.894 37.984 37.917 38.477 38.754 39.257 39.752 40.502 40.817 41.347 42.132 42.472 41.817 41.672 43.122 42.382 45.519 51.439 49.594 45.892 42.709 42.119 42.022 42.709 46.519 43.322 43.254 45.279 47.197 50.179 50.544 52.997 53.859 53.292
42.477 42.39 44.355 43.797 43.135 42.192 41.79 38.727 37.627 37.16 36.215 43.385 45.022 44.565 42.072 37.792 37.79 38.092 39.26 42.162 41.057 38.102 37.725 37.607 37.545 38.777 39.77 41.207 40.392 38.685 38.492 40.532 45.127 45.472 43.804 43.829 40.299 37.962 37.987 38.057 38.822 39.044 39.529 39.899 40.104 41.404 43.297 42.177 42.184 41.312 41.199 41.154 41.357 41.292 46.724 54.462 54.674 50.124 42.919 41.909 42.832 44.227 43.749 42.877 43.052 43.504 45.607 46.204 49.294 50.287 49.549 50.927
41.032 42.09 43.345 43.887 43.632 42.62 42.21 41.317 41.2 39.522 37.812 39.01 43.642 44.407 40.59 37.742 38.005 38.142 41.59 43.175 42.76 38.737 37.875 37.75 38.012 39.215 38.82 39.157 40.567 40.077 38.77 41.87 45.49 46.635 46.642 42.907 38.139 38.202 38.827 39.084 39.437 39.282 39.689 40.052 40.262 40.432 42.127 41.209 41.272 41.237 41.284 41.277 41.339 41.322 43.329 48.277 54.647 53.202 48.544 45.154 45.167 42.842 42.934 43.072 43.219 43.354 43.509 43.802 46.519 46.892 49.237 47.987
37.087 38.687 38.992 42.442 41.83 42.202 40.497 38.707 38.957 41.932 40.03 40.035 40.575 40.172 38.575 37.805 37.917 38.112 41.52 40.742 39.015 38.127 38.015 41.66 41.117 38.792 38.927 39.015 40.165 39.307 40.6 44.177 46.257 46.907 46.002 42.169 38.727 39.999 40.647 39.559 39.669 39.867 40.729 41.009 40.372 40.837 41.209 41.279 41.352 41.374 41.392 41.424 41.452 41.524 41.672 44.614 51.034 54.064 50.369 46.864 43.654 43.037 43.177 43.324 43.512 43.672 43.839 44.667 46.879 48.644 50.239 50.259
37.555 37.982 38.14 39.182 38.46 39.96 42.185 42.005 39.812 41.18 40.41 41.337 42.3 41.652 41.475 38.38 38.015 39.695 39.912 39.077 38.417 38.282 38.625 42.865 44.495 38.887 39.027 39.097 39.242 40.207 43.05 45.877 46.845 46.195 45.442 42.914 39.372 40.449 43.664 43.327 40.559 43.009 45.267 41.454 40.774 41.254 41.399 41.449 41.502 41.534 41.607 41.637 41.704 41.842 41.954 42.157 45.382 47.602 48.637 45.164 45.129 43.309 43.419 44.777 43.817 43.977 44.157 46.282 47.909 48.822 50.227 50.132
38.012 38.252 38.327 38.462 38.37 38.362 39.057 40.13 42.547 44.067 44.237 43.36 41.372 42.152 43.022 45.53 40.925 40.71 40.077 39.38 38.572 38.445 38.795 40.457 39.215 38.902 39.15 39.24 40.13 44.252 45.32 46.64 46.525 45.487 45.284 45.292 43.084 39.819 41.204 42.339 41.437 42.729 45.859 43.804 42.842 41.514 41.499 41.559 41.617 41.697 41.772 41.887 42.112 42.259 42.394 42.527 42.674 43.077 46.044 44.544 46.184 44.764 48.134 47.719 44.694 44.284 44.489 46.089 47.812 47.702 49.844 49.032
38.345 38.41 38.42 38.427 38.445 38.482 40.24 38.86 41.485 46.287 46.947 45.887 43.677 42.522 42.38 46.352 43.59 40.092 40.01 38.887 38.732 38.662 41.637 40.58 40.702 41.022 39.425 39.455 44.817 46.242 46.41 46.722 45.727 45.307 45.302 44.739 42.234 39.882 40.452 40.629 40.852 41.559 42.857 43.827 44.089 43.769 42.737 42.012 41.762 41.834 42.082 42.307 42.532 42.689 42.812 42.914 43.007 43.129 43.947 45.252 45.517 47.212 49.944 50.387 47.627 46.379 45.084 45.362 46.634 46.257 46.962 48.022
38.487 38.492 38.507 38.542 38.627 38.612 39.417 39.38 43.762 46.875 46.36 46.185 43.705 40.7 40.717 42.352 41.402 39.267 39.15 39.037 38.915 39.44 39.742 40.187 40.895 42.047 40.415 39.62 41.172 46.365 46.79 46.047 45.352 45.31 43.892 40.397 40.119 40.467 40.922 40.994 41.142 41.412 41.637 49.332 47.822 44.339 43.774 43.019 41.949 42.217 42.599 42.609 42.797 42.927 43.092 43.337 43.354 43.522 43.792 44.414 46.229 48.739 50.152 48.709 47.187 45.962 45.832 47.357 48.877 48.407 47.879 47.779
38.552 38.587 38.62 38.615 38.645 38.785 39.397 40.197 46.055 46.89 45.67 43.597 40.915 40.1 40.272 41.23 40.165 39.622 39.357 39.195 39.16 40.472 40.295 40.262 40.227 40.36 40.51 42.04 41.58 41.237 43.9 45.427 45.327 45.31 41.107 39.899 40.219 40.927 40.907 41.409 41.572 43.762 45.904 49.124 49.934 46.624 44.829 44.382 43.064 42.724 43.099 42.932 42.972 43.122 43.327 43.529 43.859 44.137 44.652 45.097 45.227 46.134 48.967 48.169 47.012 45.549 46.149 48.062 48.549 48.862 47.664 47.654
38.67 38.675 38.707 38.725 38.845 39.405 39.815 42.932 46.57 46.535 44.195 40.372 39.71 39.862 40.312 40.595 40.752 39.727 39.515 39.35 39.477 39.82 40.055 40.192 40.345 40.447 41.725 43.527 43.145 42.867 41.552 41.215 44.13 41.892 39.632 40.344 41.132 40.909 41.569 41.942 42.002 45.437 45.089 47.844 47.012 44.329 44.482 47.247 45.824 43.527 43.054 43.167 43.292 43.409 43.579 43.764 44.067 44.814 45.192 45.199 45.072 45.229 46.917 48.734 46.629 45.832 46.452 47.769 48.017 47.742 47.644 47.612
38.937 38.902 40.31 38.917 39.367 39.85 40.987 44.455 46.687 46.017 42.745 39.77 39.812 39.927 40.595 40.182 40.49 39.76 39.637 39.59 39.877 40.577 40.477 41.645 40.885 40.917 44.307 46.527 47.027 44.425 44.18 44.377 42.772 40.33 42.077 41.177 41.244 41.484 43.104 42.352 42.832 45.724 45.349 42.919 42.657 42.957 46.272 52.539 49.912 45.032 44.357 43.497 43.534 43.704 43.952 44.904 44.954 45.067 45.259 45.112 45.134 45.319 45.899 48.034 48.144 46.609 46.814 47.999 47.792 47.682 47.634 47.647
39.947 40.64 44.617 43.025 43.91 40.495 41.26 42.44 43.69 44.195 41.245 39.775 40.082 40.307 41.005 40.197 40.042 39.967 39.84 39.967 40.47 40.562 40.625 40.682 40.872 42.06 45.41 47.837 48.837 48.257 47.085 45.072 43.05 41.7 43.114 44.009 43.689 43.234 42.569 42.569 42.619 43.467 42.902 42.844 42.947 43.087 45.057 50.847 49.852 45.952 46.214 46.092 45.024 44.002 44.472 45.639 45.319 45.354 45.304 45.262 45.374 45.382 47.132 48.927 49.182 49.277 48.319 47.282 47.694 47.717 47.699 47.702
40.312 41.702 43.752 40.87 43.25 40.415 40.412 41.272 41.822 42.637 39.712 39.915 40.16 40.965 40.762 40.317 40.227 40.117 41.435 42.287 40.62 40.715 40.825 40.862 41.245 44.042 46.89 48.49 48.495 46.427 47.675 42.237 41.847 41.715 42.029 42.784 44.967 46.012 46.247 42.924 42.847 42.982 43.052 43.144 43.319 43.374 43.467 44.479 44.444 44.057 44.987 46.272 46.984 45.897 46.159 46.022 45.234 45.292 45.324 45.387 45.399 46.397 47.004 48.407 49.199 49.557 46.984 47.307 47.962 47.677 47.724 47.687
39.952 40.245 41.497 42.38 42.585 41.307 42.01 42.02 41.015 41.612 39.84 40.145 40.47 41.207 40.677 40.527 40.447 40.272 41.552 41.135 40.745 41.78 41.965 41.41 43.437 47.38 47.872 48.812 46.46 42.252 42.215 41.737 41.652 41.855 42.199 42.519 43.727 45.842 46.127 44.362 45.069 43.317 43.344 43.424 43.532 43.657 43.769 43.899 44.007 44.137 44.309 46.439 46.454 47.299 47.334 47.342 46.332 45.729 45.409 45.854 46.072 49.817 48.502 47.544 48.609 49.732 48.629 49.179 48.759 48.097 47.679 47.679
40.232 40.57 41.887 42.322 42.115 43.602 42.877 42.812 43.992 44.107 41.987 41.222 40.73 40.892 40.795 40.725 40.575 40.502 40.615 40.877 41.22 43.752 45.12 41.715 47.307 48.517 48.672 48.485 44.432 41.645 41.867 42.042 41.805 42.175 42.404 42.632 43.187 43.607 44.297 46.019 45.437 43.634 43.729 43.937 43.794 43.932 44.022 44.184 44.774 44.597 44.577 44.792 45.019 45.402 46.149 46.837 47.717 46.714 46.902 47.332 47.909 48.499 48.259 47.339 48.024 49.214 52.999 50.424 48.202 48.287 47.707 47.849
40.437 41.75 42.125 42.675 43.195 49.06 48.715 45.78 43.507 43.365 44.59 43.685 43.255 41.165 40.985 40.89 41.017 42.335 41.95 41.862 43.635 42.937 44.837 43.81 44.522 46.41 48.897 47.607 41.8 41.755 42.902 42.017 42.077 42.37 42.602 42.997 43.559 43.727 43.774 43.839 44.277 44.107 44.087 44.749 46.334 44.222 45.964 49.504 51.754 47.219 44.957 45.009 45.112 45.402 45.619 45.887 47.584 47.762 49.392 49.197 47.919 47.402 47.402 47.422 48.244 50.619 51.272 53.749 48.927 47.872 47.852 48.272
40.787 41.97 42.31 44.347 46.682 49.235 49.22 49 44.885 43.2 43.912 43.872 43.2 41.792 41.175 41.065 41.32 42.517 42.207 42.297 42.782 43.305 42.84 45.585 45.51 45.947 44.862 43.877 41.735 41.817 42.17 42.127 42.392 42.547 42.842 43.409 43.794 43.857 43.904 44.017 44.207 44.977 46.622 48.042 47.269 45.972 51.642 54.727 55.612 49.504 45.384 45.327 45.444 45.797 46.012 46.099 47.207 47.887 52.567 56.702 52.557 48.967 48.829 48.259 47.357 47.774 50.379 48.422 48.227 48.697 48.044 48.149
40.862 42.097 42.852 44.09 48.322 49.412 48.567 48.37 42.955 41.867 42.695 43.757 42.532 42.257 41.355 41.225 41.222 41.502 42.175 42.3 42.415 42.55 44.135 46.66 46.9 45.472 45.397 44.935 44.147 43.065 42.437 42.412 42.602 42.807 43.317 43.782 43.894 43.949 43.994 44.077 44.162 46.042 47.347 47.614 48.309 45.744 47.949 48.364 49.337 48.092 47.364 45.817 45.834 45.977 47.602 47.554 48.764 47.252 49.719 54.307 51.802 49.424 49.824 48.519 47.494 47.717 48.507 50.154 51.324 50.027 49.267 48.252
41.347 42.057 43.355 46.247 49.025 49.287 47.58 44.752 42.162 41.807 42.78 43.72 42.11 41.882 41.52 41.412 41.59 42.025 42.22 42.347 43.465 42.665 45.002 48.587 50.135 49.075 46.005 44.9 43.665 45.755 43.455 42.832 43.002 43.115 43.649 43.944 44.012 44.047 44.089 44.157 44.084 44.464 44.884 45.109 45.412 45.304 45.329 45.437 46.357 46.109 45.914 45.964 46.444 49.379 48.184 47.364 47.567 47.869 47.159 49.279 49.049 49.934 49.969 48.387 48.379 49.307 50.637 53.524 54.732 52.609 52.154 50.227
41.947 42.53 43.91 47.992 49.485 48.727 46.557 42.47 42.397 42.572 43.465 43.14 42.062 41.77 41.712 41.627 41.88 42.125 42.28 42.477 42.687 43.057 46.65 49.337 50.125 47.73 45.98 45.69 43.002 43.465 44.082 44.407 43.805 44.13 43.952 44.007 44.009 44.077 44.134 44.152 44.259 44.804 45.104 45.282 45.342 45.447 45.564 45.889 45.762 45.939 46.267 46.177 47.022 47.087 47.194 47.019 47.024 47.152 47.297 48.764 49.712 50.962 48.674 48.564 48.579 51.587 52.667 52.772 54.524 55.162 52.534 50.954
41.957 42.047 44.547 48.832 49.485 48.187 44.84 42.545 44.41 44.915 44.112 43.03 42.682 41.94 41.857 41.907 42.077 42.197 42.577 42.635 42.777 45.467 47.62 49.86 49.817 45.227 43.785 43.995 42.965 43.07 43.16 43.3 43.397 43.595 44.297 44.992 45.354 44.242 44.209 44.269 44.604 45.074 45.312 45.427 45.597 45.692 45.774 45.877 45.989 46.122 46.772 47.529 46.962 47.037 47.042 47.129 47.222 47.347 47.542 47.772 49.619 50.687 50.717 48.279 49.684 50.304 52.952 53.957 55.414 56.199 56.339 51.037
42.452 42.197 45.152 49.397 49.087 48.392 43.447 42.645 44.387 44.36 43.482 42.505 42.225 42.11 42.092 42.695 42.717 42.592 42.53 42.735 44.517 49.567 49.36 50.202 49.297 43.73 42.957 42.965 43.042 43.115 43.165 43.287 43.497 43.742 44.117 44.507 45.579 45.732 46.567 45.332 45.004 45.874 45.519 45.647 45.754 45.887 45.972 46.134 46.284 46.599 49.099 48.094 49.069 48.257 47.267 47.367 47.462 47.617 47.769 47.929 48.194 49.004 50.094 49.087 49.562 50.594 54.899 55.739 56.544 57.007 55.889 52.772
44.907 44.555 44.925 45.632 46.08 47.097 42.46 42.44 43.117 43.312 43.107 42.395 42.387 42.315 42.345 42.55 43.477 44.402 44.39 43.4 45.922 49.02 49.937 50.09 47.135 42.97 42.955 43.04 43.085 43.16 43.237 43.307 43.547 43.972 44.349 44.857 45.052 45.262 45.747 47.417 47.809 51.387 49.562 46.177 46.014 46.152 46.269 47.232 49.692 49.302 48.624 48.247 56.607 52.017 47.652 47.612 47.727 47.892 48.172 49.142 49.507 48.384 49.109 49.997 51.624 55.069 56.039 56.794 56.974 56.399 54.427 49.929
45.19 44.937 45.067 45.157 43.53 42.632 42.495 42.492 42.595 42.622 42.612 42.587 42.562 42.52 42.557 42.707 42.86 43.067 43.742 44.61 44.23 45.6 46.28 48.79 44.69 42.992 42.987 43.07 43.12 43.23 43.315 43.447 43.782 44.247 44.607 45.079 45.407 45.632 45.792 45.854 53.337 56.614 54.452 50.649 48.137 46.522 51.154 50.754 54.717 54.157 49.787 50.687 56.127 54.337 50.322 48.099 47.987 48.649 49.972 50.094 51.402 48.974 48.867 50.999 54.007 56.349 56.947 56.772 56.072 55.062 51.422 49.359
48.137 46.322 45.11 44.722 42.6 42.602 42.685 42.717 43.262 43.695 42.812 42.82 42.777 42.772 43.48 43.82 43.942 43.34 43.317 45.03 46.232 46.115 45.742 45.5 44.357 43.647 43.237 43.39 43.435 43.39 43.397 43.702 44.205 44.545 45.012 45.412 45.724 45.937 46.402 46.172 49.849 50.984 56.657 56.089 51.619 47.397 49.502 50.482 51.269 50.034 48.679 50.129 53.024 53.269 50.772 48.082 48.297 49.319 50.982 52.272 53.639 54.979 51.549 50.257 52.787 56.667 56.569 55.762 53.577 51.507 50.604 50.317
48.322 48.21 46.535 44.477 42.7 42.707 42.725 43.077 44.507 43.287 43.005 42.99 42.987 43.245 44.43 45 44.922 44.652 43.677 46.425 48.39 48.952 47.115 46.437 46.257 44.84 45.582 46.207 45.885 45.175 44.547 45.085 44.522 44.907 45.357 45.709 45.942 46.149 46.319 46.429 46.594 47.839 53.257 56.704 52.687 49.669 50.839 49.527 48.527 47.739 47.832 47.937 51.084 52.522 49.897 48.849 48.637 49.514 52.989 55.249 57.402 58.469 57.119 50.232 51.722 52.272 54.144 52.894 49.539 49.459 50.059 51.732
46.845 47.99 43.997 42.772 42.81 42.935 43.502 43.532 44.872 43.307 43.215 43.22 43.782 45.21 45.352 43.805 43.912 43.777 43.807 47.56 50.385 51.162 49.782 47.622 47.465 43.602 45.817 46.735 46.642 47.182 46.802 46.252 45.377 45.435 45.747 45.977 46.187 46.332 46.512 46.734 46.859 48.019 54.624 55.862 54.159 50.354 49.792 49.992 48.129 47.954 47.997 48.044 48.862 49.534 50.269 49.399 50.272 52.934 55.904 57.564 58.487 58.519 58.502 54.512 50.109 51.999 51.489 49.737 49.752 49.822 49.842 50.919
