clean/data
ncols 500
nrows 500
xllcorner    355000
yllcorner    175000
cellsize     2
NODATA_value -9999
[rows 448 to 479 of 500, columns 216 to 287 of 500]
58.372 58.34 58.315 58.272 54.61 49.222 49.48 49.562 49.42 48.945 48.477 53.77 60.102 60.247 60.382 60.547 60.71 60.875 61.022 61.172 61.277 61.26 61.067 60.38 59.68 57.255 51.787 51.197 51.545 51.897 53.597 52.302 52.66 53.445 53.852 53.524 53.544 53.569 53.644 55.274 56.747 57.232 56.802 56.062 54.627 54.337 54.474 54.697 54.897 55.074 56.072 56.604 56.114 56.137 56.604 57.899 60.519 60.862 57.017 57.897 59.944 60.842 58.774 59.562 60.122 62.002 62.572 63.409 64.444 64.444 64.462 62.309
57.56 57.515 57.48 57.45 53.875 49.142 49.265 49.31 49.105 48.687 48.292 53.422 59.275 59.45 59.565 59.732 59.9 60.062 60.205 60.37 60.545 60.78 61.265 60.842 60.17 59.46 55.642 50.872 51.24 51.885 52.08 52.165 52.415 52.975 53.872 53.707 53.617 53.607 53.642 53.734 55.972 57.089 57.247 56.692 55.289 54.507 54.564 54.709 54.922 55.102 55.329 55.777 56.117 59.582 60.999 61.639 62.314 62.579 60.062 56.982 58.322 60.482 59.004 62.654 64.452 64.829 65.189 65.349 65.369 65.169 65.002 62.764
50.667 52.152 51.332 49.68 49.37 49.095 49.117 49.067 48.782 48.35 48.132 50.137 54.222 57.52 58.445 58.74 59.092 59.235 59.397 59.57 59.747 60.227 60.95 61.212 60.622 59.94 59.147 54.122 51.642 52.047 52.072 52.112 52.385 52.762 53.807 54.594 54.819 53.687 53.672 53.732 53.947 56.219 57.199 57.219 56.454 55.154 54.799 55.319 55.257 55.872 55.749 56.107 57.497 60.912 62.509 62.544 62.212 61.922 62.267 59.517 57.267 58.299 58.824 62.064 64.359 64.832 65.329 64.872 64.472 64.109 63.022 61.557
49.085 49.072 49.037 49.035 48.995 48.95 48.922 48.84 48.512 48.162 47.952 48.347 48.2 49.012 50.567 52.252 53.805 55.352 56.627 58.115 59.107 59.765 60.457 61.11 61.06 60.417 59.515 57.12 52.777 51.46 51.472 52.092 52.397 52.945 54.637 56.432 56.527 54.329 53.732 53.717 53.799 54.407 56.852 57.424 57.122 56.714 56.539 56.497 55.704 55.647 59.612 57.874 65.857 65.259 61.599 61.967 61.982 62.374 61.352 59.324 57.999 57.652 57.909 60.332 64.244 63.167 62.642 61.797 58.922 59.529 59.584 60.527
48.84 48.82 48.787 48.802 48.732 48.627 48.585 48.525 48.302 48.005 47.755 47.782 47.86 47.93 48.087 48.285 48.172 48.192 48.41 49.452 56.87 59.297 59.98 60.65 61.26 60.442 59.05 58.36 56.965 50.882 51.18 52.025 52.372 53.245 56.177 57.102 57.004 55.287 53.794 53.792 53.799 53.914 55.024 57.064 57.422 55.727 56.432 58.587 62.419 57.869 57.979 63.654 71.499 70.059 60.994 61.869 62.109 58.349 58.064 58.944 58.932 58.287 58.014 58.162 59.864 58.182 58.919 60.629 59.527 59.477 59.609 60.687
48.382 48.405 48.372 48.36 48.292 48.175 48.1 48.082 47.972 47.762 47.557 47.507 47.557 47.597 47.735 47.852 47.892 47.922 47.9 48.647 52.23 58.242 59.507 60.212 60.68 60.477 60.4 59.987 59.285 54.217 50.89 51.837 52.377 52.637 54.462 56.629 57.199 56.959 55.087 53.864 53.854 53.897 53.989 55.757 55.702 54.694 55.897 57.492 58.244 62.357 58.159 66.199 65.694 66.352 60.117 59.907 56.967 56.217 56.652 58.947 59.347 58.402 58.189 58.307 58.694 58.812 59.274 61.034 59.862 59.632 59.837 63.274
47.797 47.797 47.75 47.695 47.615 47.565 47.555 47.542 47.487 47.385 47.26 47.167 47.205 47.295 47.442 47.597 47.662 47.722 47.827 47.95 48.615 56.305 59.072 59.75 60.427 61.1 61.115 60.415 59.74 58.527 51.96 51.612 52.342 52.582 53.069 55.097 56.904 57.339 56.867 54.589 53.924 53.922 53.994 54.117 54.934 54.824 55.212 56.049 56.874 61.244 58.329 64.689 69.479 67.162 61.202 56.124 56.137 56.457 57.129 58.249 58.682 58.279 58.314 58.959 59.562 60.447 60.227 61.002 61.014 60.264 60.847 64.664
47.05 47.077 47.06 46.992 46.92 46.905 46.95 46.987 46.987 46.987 46.927 46.885 46.892 46.905 47.085 47.272 47.45 47.567 47.67 47.842 48.015 49.06 57.665 59.28 59.957 60.657 61.22 60.887 60.217 59.545 53.552 51.265 52.137 52.545 52.997 53.584 55.894 57.132 57.342 56.609 54.277 54.009 54.029 54.179 54.412 54.729 55.067 55.784 56.874 59.217 56.179 67.472 65.512 61.682 59.947 56.769 58.032 57.522 58.727 58.589 58.309 58.354 58.544 58.867 59.684 59.864 59.907 59.942 60.002 60.009 60.274 65.464
46.342 46.367 46.215 46.245 46.232 46.28 46.397 46.422 46.432 46.532 46.587 46.61 46.682 46.667 46.747 47 47.255 47.37 47.507 47.69 47.952 48.655 52.395 58.035 59.495 60.18 60.89 61.26 60.662 59.992 58.175 51.517 51.732 52.452 52.904 53.404 53.949 56.504 57.387 57.367 56.169 54.069 54.117 54.274 54.504 54.819 55.159 55.434 56.507 57.342 56.332 63.102 62.599 56.204 56.392 56.987 58.117 59.514 58.462 58.242 58.327 58.464 58.772 59.002 59.627 59.859 59.939 59.897 59.947 60.077 62.042 65.029
45.385 45.342 45.325 45.417 45.53 45.637 45.767 45.825 45.875 46.047 46.157 46.255 46.372 46.477 46.585 46.77 47.017 47.157 47.327 47.547 47.76 47.925 48.38 53.422 58.972 59.7 60.432 61.107 61.125 60.42 59.752 53.965 51.312 52.267 52.717 53.879 54.264 55.569 56.884 57.477 57.217 54.992 54.209 54.362 54.637 54.952 55.247 55.512 55.787 57.329 57.202 57.097 56.239 56.512 56.927 57.897 59.092 58.689 58.192 58.427 61.097 61.029 59.042 59.197 59.467 59.747 59.944 60.062 60.217 60.689 64.707 64.614
44.467 44.5 44.435 44.515 44.707 44.96 45.165 45.295 45.377 45.51 45.65 45.802 45.987 46.18 46.355 46.5 46.71 46.88 47.157 47.397 47.592 47.8 48.21 50.527 56.955 59.27 59.995 60.757 61.25 60.652 59.767 53.875 51.222 52.172 52.622 53.904 55.187 56.859 56.669 57.057 55.229 54.404 54.259 54.464 54.772 55.074 55.424 55.704 55.884 56.179 57.397 56.844 57.132 57.539 58.012 59.242 58.159 58.094 58.539 61.379 64.269 64.079 61.589 59.809 59.674 59.874 60.047 60.262 61.049 62.024 65.559 61.664
44.855 44.892 44.46 44.387 44.062 44.31 44.542 44.752 44.897 44.952 45.137 45.327 45.575 45.855 46.05 46.275 46.41 46.592 46.97 47.3 47.495 47.707 47.962 49.142 56.37 59.215 60.025 60.87 61.157 60.435 59.625 52.425 51.222 52.08 52.534 53.112 54.959 56.974 56.592 54.519 54.177 55.039 54.387 54.622 54.917 55.207 55.702 57.362 55.977 57.129 56.824 57.624 57.947 58.639 58.542 57.884 58.069 59.044 61.819 65.029 64.987 64.514 64.039 63.189 60.484 60.039 60.139 60.247 60.779 65.052 64.154 61.087
44.247 44.745 44.442 44.182 43.315 43.637 43.88 44.04 44.292 44.4 44.55 44.765 45.037 45.402 45.672 45.987 46.217 46.377 46.762 47.11 47.365 47.63 47.917 50.002 57.347 59.347 60.185 61.017 61.115 60.295 59.47 51.247 51.152 51.93 52.397 52.982 54.747 55.497 54.587 55.082 54.344 54.372 54.552 54.772 55.044 55.324 55.717 55.924 55.994 56.312 56.717 57.349 58.992 58.557 57.814 58.087 58.417 60.974 64.004 64.582 65.027 64.907 64.424 63.959 63.307 60.494 60.249 60.344 62.984 65.592 62.174 61.159
43.59 43.617 43.51 43.357 42.965 42.95 43.207 43.52 43.757 43.802 43.837 44.14 44.472 44.927 45.337 45.752 46.057 46.247 46.462 46.83 47.202 47.582 47.92 50.845 57.95 59.507 60.357 61.127 60.93 60.125 59.29 52.012 51.225 51.927 52.312 52.824 54.194 54.767 55.354 54.992 54.619 54.567 54.729 54.919 55.162 55.504 56.062 55.874 55.979 56.659 57.202 57.319 57.849 57.784 58.169 58.619 58.734 59.207 61.112 64.179 64.672 65.234 64.852 64.364 63.879 62.694 60.757 62.129 65.069 61.859 61.182 61.229
42.605 41.975 41.972 42.232 42.407 42.515 42.452 42.737 43.482 43.575 43.197 43.495 43.955 44.407 44.947 45.447 45.845 46.092 46.265 46.56 47.017 47.517 47.932 51.93 58.537 59.685 60.51 61.195 60.785 59.972 57.807 50.49 51 51.765 52.229 52.819 53.419 54.237 54.827 54.654 54.632 54.732 54.909 55.102 55.619 57.547 57.312 56.217 56.387 57.469 57.462 57.612 58.072 58.512 58.709 58.929 58.809 58.892 58.844 63.284 64.462 64.964 65.099 64.794 64.304 63.807 61.867 71.512 74.189 63.607 61.237 61.327
41.36 41.845 41.477 41.865 41.6 41.792 42.522 42.722 43.12 43.735 43.142 42.787 43.182 43.84 44.505 45.062 45.605 45.895 46.165 46.38 46.837 47.412 47.84 48.06 51.87 53.167 57.312 60.84 60.207 59.785 56.852 50.575 50.862 51.672 52.227 52.797 53.354 53.959 54.689 54.784 54.809 54.907 55.254 56.144 58.209 58.704 57.577 56.689 57.174 57.417 57.552 58.219 60.234 58.819 58.717 58.774 58.914 59.134 59.264 61.964 63.844 64.337 64.814 65.097 64.717 62.269 62.129 67.607 73.577 66.499 61.762 61.452
40.39 43.342 41.745 40.442 40.272 40.427 41.46 41.367 42.077 43.982 43.145 42.38 43.187 43.372 43.977 44.592 45.21 45.72 46.017 46.132 46.547 47.23 47.697 47.977 48.07 48.112 48.61 53.967 55.887 57.845 55.472 52.527 52.025 52.045 52.214 52.784 53.387 53.927 54.477 54.932 55.014 55.179 56.554 58.389 58.809 58.632 57.817 57.522 57.397 57.809 58.792 60.099 59.387 58.629 58.789 58.842 59.032 59.239 59.949 60.734 63.164 63.927 64.407 64.584 62.449 62.079 61.757 61.102 63.414 65.127 64.712 62.887
42.867 43.897 42.2 39.37 39.057 38.935 39.232 39.525 40.765 41.817 41.702 41.932 43.952 44.15 43.667 44.05 44.79 45.502 45.83 45.997 46.205 46.84 47.432 47.895 48.16 48.247 48.38 48.7 49.015 49.312 50.372 51.395 51.675 52.097 52.267 52.832 53.444 53.967 54.522 55.027 55.262 57.117 58.462 58.797 58.517 57.407 57.412 57.252 57.724 59.417 60.142 58.699 59.317 59.617 58.827 59.022 59.212 59.434 59.719 60.587 61.312 63.029 63.489 61.062 62.644 61.724 61.042 61.309 62.289 63.067 63.329 64.134
44.4 42.147 41.122 38.33 37.92 37.85 37.935 38.48 39.045 39.82 40.912 41.53 42.982 42.92 43.492 43.8 44.357 45.112 45.517 45.76 46.102 46.645 47.35 48.015 48.597 48.865 49.015 49.39 49.747 49.975 50.332 51.032 51.697 52.175 52.602 53.154 53.727 54.204 54.687 57.172 55.309 58.192 58.752 58.357 57.167 57.234 57.162 59.052 60.094 59.237 58.127 58.144 58.519 60.124 59.492 59.202 59.364 59.604 59.797 60.264 60.667 61.019 61.452 62.537 61.382 60.989 61.219 61.637 62.047 62.584 65.262 64.104
42.932 39.407 40.782 38.487 39.037 38.452 37.11 37.405 37.97 39.2 39.932 39.77 40.837 44.037 44.25 44.86 43.925 44.8 45.71 47.192 46.005 46.785 47.612 48.235 48.902 49.362 49.735 50.07 50.447 50.867 51.237 51.82 52.307 52.71 53.127 53.562 54.104 54.849 55.784 55.257 55.272 55.732 57.739 56.647 57.087 57.444 62.334 61.212 58.179 58.007 58.122 58.257 58.399 58.897 60.599 59.592 59.519 60.327 62.377 62.002 65.199 61.979 62.457 61.344 60.932 61.204 61.664 62.377 63.869 64.437 64.334 64.042
42.08 39.785 39.282 38.282 39.577 35.585 37.572 37.292 37.797 38.462 39.36 39.695 41.855 45.577 44.662 44.835 44.642 44.907 46.157 51.04 46.062 47.157 47.83 48.4 49.102 49.76 50.297 50.702 51.095 51.552 51.98 52.377 52.815 53.25 53.629 54.027 54.457 54.762 55.072 55.269 55.527 56.549 57.329 56.682 58.887 60.062 61.402 59.254 59.629 58.109 58.242 58.372 58.512 58.692 59.369 60.804 61.077 63.892 67.587 66.817 62.439 63.539 61.354 60.862 61.062 61.574 61.864 63.787 64.627 64.012 64.042 64.149
44.437 38.585 38.377 37.872 40.762 39.065 38.265 37.825 37.395 37.15 38.385 38.94 40.207 41.68 43.802 43.985 44.64 45.792 45.902 47.03 46.015 47.26 47.797 48.405 49.195 49.982 50.565 50.987 51.417 51.902 52.38 52.83 53.27 53.657 54.072 54.499 55.047 56.352 55.337 56.864 56.167 56.874 56.649 57.457 58.472 58.089 64.354 63.567 58.064 58.227 58.357 58.492 58.664 58.879 59.124 59.914 62.559 64.304 67.914 68.222 67.262 64.574 61.579 61.177 61.712 61.797 63.409 64.757 64.207 64.044 64.174 64.307
42.67 36.655 38.09 36.145 37.452 37.012 38.387 38.505 38.392 37.297 38.095 40.835 40.447 40.962 42.565 43.447 44.745 45.627 46.492 45.972 46.045 47.15 49.405 48.447 49.235 49.982 50.65 51.245 51.702 52.172 52.692 53.21 53.665 54.075 54.512 54.752 54.949 55.119 56.179 59.644 56.622 56.494 57.572 58.537 58.612 58.762 62.729 58.607 57.909 58.297 58.424 58.607 58.849 60.417 60.552 62.962 64.124 64.462 66.814 66.954 67.172 67.612 66.567 62.699 63.032 63.562 63.934 64.582 64.182 64.279 64.422 64.594
41.33 36.565 35.362 36.045 36.532 37.487 36.85 36.732 37.337 37.625 37.98 39.917 40.142 41.135 42.615 43.82 44.82 45.812 46.312 46.325 46.35 47.657 50.422 49.605 50.812 50.445 50.68 51.35 51.902 52.422 52.937 53.47 53.912 54.355 54.597 54.807 54.977 55.359 56.632 56.824 56.332 58.222 58.969 58.527 60.169 57.072 58.019 57.157 57.334 58.282 58.594 58.869 59.152 64.412 64.689 66.647 68.822 62.787 61.632 63.569 63.924 66.427 64.949 64.462 64.827 65.354 66.517 66.232 64.447 64.622 64.824 65.069
42.567 36.307 34.762 34.787 35.822 35.522 35.382 35.732 36.597 37.315 37.785 38.407 39.33 40.94 42.385 43.55 44.602 44.682 45.1 46.012 47.53 48.9 49.295 49.06 49.985 51.727 53.182 52.5 52.107 52.67 53.175 53.63 54 54.342 55.797 55.227 55.564 56.299 56.322 56.529 58.959 58.964 57.174 57.019 57.009 57.089 57.134 57.504 58.049 58.359 59.059 59.344 59.692 64.314 65.577 66.789 69.172 62.899 60.567 60.612 60.772 60.844 61.594 63.299 64.532 65.689 66.287 66.819 65.534 64.979 65.269 65.519
38.76 35.755 33.625 33.062 34.855 34.86 34.455 35.045 36.317 37.057 37.38 38.285 40.422 40.255 42.73 44.317 46.175 45.012 46.312 47.44 48.745 50 49.482 48.925 49.847 51.867 54.062 54.432 57.037 59.047 57.62 55.427 54.287 54.317 54.564 54.952 56.032 55.999 56.609 59.104 58.679 57.372 57.024 57.034 57.544 57.344 57.217 58.067 58.922 60.344 60.502 59.884 60.127 63.609 67.174 64.294 64.409 62.377 62.427 61.404 60.799 60.994 61.402 63.202 64.072 65.387 66.224 68.554 69.837 66.817 65.479 65.752
31.44 31.595 31.87 32.547 34.85 33.82 35.11 35.01 35.402 36.93 37.995 42.907 44.97 43.27 44.252 42.865 44.71 44.76 47.687 48.377 48.437 48.46 48.467 49.665 50.885 53.15 54.107 55.78 59.815 61.26 59.35 57.875 55.127 54.48 54.804 55.947 55.689 56.584 58.982 58.782 57.179 57.019 57.054 58.572 60.304 60.412 57.809 58.594 59.297 60.022 60.117 60.194 60.994 68.569 69.172 64.367 65.019 66.257 67.674 63.559 60.814 61.687 63.199 63.292 63.357 63.839 67.217 66.919 68.119 67.564 65.889 65.807
30.847 31.925 31.392 31.785 35.832 34.077 35.12 36.1 35.71 36.307 39.082 45.255 45.542 44.662 42.38 42.512 44.625 45.847 48.485 48.095 49.122 48.222 48.6 49.337 50.202 52.095 52.66 54.505 59.445 60.067 58.525 55.472 54.175 54.805 55.409 55.592 55.984 58.877 58.217 56.949 56.974 57.007 57.017 61.027 62.152 62.529 61.174 59.717 60.012 60.439 60.477 60.402 62.349 69.992 67.449 64.389 65.809 69.049 66.944 67.739 61.539 61.147 62.647 63.269 63.312 63.429 66.317 64.967 65.864 66.019 65.547 66.857
30.685 31.857 31.485 31.392 31.527 32.305 35.705 36.68 35.905 35.7 37.122 43.41 45.175 42.707 41.54 41.47 42.745 43.73 47.79 50.4 49.63 47.577 48.6 49.167 50.087 52.712 53.135 54.397 54.385 54.425 54.265 55.852 56.702 56.285 55.139 55.924 57.774 57.639 57.244 57.499 57.539 59.569 59.277 62.122 60.974 61.574 60.977 61.457 60.554 61.219 60.374 60.697 60.514 64.432 62.079 64.877 67.277 63.922 68.497 66.077 63.494 60.859 60.912 63.004 63.277 63.309 63.474 63.752 64.339 64.892 65.317 66.019
30.09 30.362 30.92 33.797 35.735 32.142 36.682 35.72 35.16 35.587 36.505 38.562 42.365 42.14 42.565 41.91 43.882 44.17 48.015 49.585 48.025 49.672 48.792 50.982 49.745 51.505 52.447 53.222 53.992 53.177 53.837 54.5 55.122 54.75 55.957 58.574 57.902 58.157 57.149 56.984 58.867 61.247 60.442 62.737 60.564 60.742 61.189 60.159 61.384 60.452 60.602 61.432 61.862 60.917 60.682 65.699 68.277 66.484 65.709 66.352 60.797 60.867 60.899 61.017 63.119 63.289 63.347 63.492 63.847 64.267 66.472 66.852
29.775 31.162 30.657 31.922 31.8 34.977 36.15 34.22 34.825 35.337 36.37 37.615 39.295 40.5 42.107 42.892 45.42 44.86 44.63 45.642 47.887 48.65 50.887 52.412 50.832 51.197 50.697 52.13 52.925 52.782 53.982 53.84 54.89 54.737 56.934 57.717 57.349 57.709 57.439 57.504 61.627 59.814 60.124 61.789 61.182 61.417 60.327 60.157 60.254 61.014 64.692 67.342 66.252 64.074 61.599 63.109 63.512 64.079 64.197 63.342 60.884 60.884 60.904 60.934 61.269 62.929 63.794 64.619 65.167 64.417 66.122 65.892
30.07 31.325 30.165 30.637 31.435 33.74 36.107 33.995 34.41 35.245 36.202 40.877 42.362 41.282 42.057 43.017 43.017 43.692 44.595 45.282 45.135 48.522 51.022 53.242 50.585 50.585 51.095 52.087 53.3 53.185 53.34 54.03 54.42 54.547 55.422 56.952 57.312 57.942 58.632 57.987 61.327 62.577 61.467 62.647 61.622 60.287 60.114 60.202 60.274 61.132 67.222 68.172 68.119 67.702 66.954 62.272 60.802 60.807 61.117 60.857 60.869 60.879 60.929 60.919 60.917 61.372 65.477 64.749 66.004 65.537 68.362 69.194
