clean/data
ncols 500
nrows 500
xllcorner    355000
yllcorner    175000
cellsize     2
NODATA_value -9999
[rows 352 to 383 of 500, columns 144 to 215 of 500]
23.082 23.242 23.395 23.532 23.685 23.807 24.122 24.312 24.407 24.767 24.76 24.86 25.277 25.472 25.52 25.772 25.955 26.095 26.157 26.36 26.595 26.83 26.995 27.182 27.355 27.52 27.605 27.66 27.705 27.782 27.99 28.22 28.207 28.5 28.56 28.677 28.805 29.037 29.327 29.472 29.535 29.572 29.817 29.857 31.54 35.655 35.667 36.472 32.815 35.817 37.322 34.922 32.375 34.397 35.44 46.105 45.852 43.815 31.645 32.06 32.265 31.775 31.902 32.055 32.192 32.322 32.437 32.565 32.875 32.985 33.032 33.117
23.057 23.26 23.517 23.582 23.742 23.877 24.115 24.282 24.577 24.752 25.122 25.087 25.53 25.657 25.677 25.877 26.087 26.205 26.222 26.415 26.612 26.865 27.135 27.322 27.497 27.7 27.892 27.977 28.075 28.12 28.21 28.367 28.615 28.757 28.86 29.022 29.107 29.305 29.607 29.707 29.762 29.96 30.105 30.67 31.977 32.552 32.132 35.345 36.115 37.305 38.54 38.637 35.355 32.48 35.58 40.967 42.897 39.865 33.592 33.257 34.105 32.852 32.242 32.312 32.37 32.457 32.61 32.735 32.837 32.937 33.042 33.827
23.492 23.38 23.612 23.777 23.84 24.017 24.4 24.455 24.672 24.792 25.17 25.21 25.485 25.72 25.897 25.937 26.07 26.17 26.282 26.95 26.7 26.897 27.117 27.377 27.552 27.775 28.005 28.182 28.32 28.482 28.597 28.692 28.817 28.965 29.13 29.352 29.457 29.59 29.745 29.942 30.127 30.285 30.382 30.91 33.502 34.63 34.28 35.032 34.367 34.127 36.605 37.242 32.91 33.092 34.385 32.242 35.182 38.67 37.197 35.832 35.615 34.39 34.082 34.275 33.602 33.027 33.08 33.012 33.107 33.21 33.187 34.18
24.097 23.985 23.697 23.79 24.162 24.27 24.362 24.502 24.752 24.87 25.187 25.415 25.547 25.9 25.975 26.002 26.095 26.245 26.402 26.61 26.805 26.945 27.122 27.35 27.557 27.827 28.057 28.292 28.51 28.717 28.865 29.057 29.185 29.365 29.447 30.55 30.272 29.902 30.03 30.217 30.362 30.477 30.66 30.81 32.812 34.125 33.877 33.93 33.557 33.235 33.455 32.757 32.26 32.34 32.485 33.475 37.925 38.985 40.022 38.835 36.76 35.495 35.172 35.77 35.947 35.742 34.647 34.322 34.395 34.592 34.18 34.797
24.167 24.312 24.357 24.672 24.522 24.332 24.365 24.555 24.73 24.98 25.292 25.55 25.662 25.807 26.042 26.03 26.147 26.337 26.46 26.677 26.845 27.08 27.31 27.817 27.655 27.885 28.097 28.35 28.65 28.887 29.097 29.362 29.472 29.777 30.237 33.307 33.565 30.782 30.32 30.482 30.627 30.772 30.905 31.087 31.317 33.23 33.982 33.572 33.09 33.162 33.395 32.85 33.612 32.712 32.735 33.472 34.562 38.555 38.797 36.05 34.237 35.16 35.327 34.932 34.805 34.195 35.212 36.305 37.505 37.71 38.34 40.095
23.427 24.22 26.78 25.355 24.835 24.945 24.822 24.8 24.92 25.145 25.445 25.592 26.057 26.125 26.81 26.352 26.257 26.405 26.585 26.792 27.007 27.185 27.422 27.59 27.817 28.382 28.287 28.47 29.452 29.025 29.265 30.09 30.252 30.657 31.757 32.26 32.93 32.33 34.637 35.21 31.675 31.022 31.225 31.422 31.625 32.71 33.392 32.72 33.192 33.497 33.255 33.372 36.185 36.402 35.06 33.197 33.37 33.477 34.472 33.75 33.87 33.917 34.51 34.057 34.105 34.22 34.707 35.065 34.84 36.6 41.762 43.565
23.64 23.767 26.387 25.242 25.047 25.325 25.497 25.665 25.907 26.017 26.042 26.48 27.025 26.192 26.912 26.542 26.54 26.53 26.702 26.997 27.455 28.097 27.587 27.77 27.982 28.165 28.835 28.655 28.907 29.275 29.8 31.365 31.227 32.157 31.597 30.855 32.327 33.285 33.035 35.042 31.47 31.647 32.805 32.727 31.942 33.2 33.3 33.002 33.125 33.42 34.08 34.365 36.27 37.98 37.902 34.355 33.837 33.792 33.957 34.067 34.122 34.382 34.485 34.39 34.422 34.565 34.737 34.877 34.962 35.145 40.69 42.98
26.062 23.365 25.162 25.067 25.57 25.125 26.162 26.495 26.547 26.787 27.295 27.622 27.247 27.132 26.88 26.73 26.68 26.692 26.962 27.255 27.725 28.352 27.81 28.062 29.092 28.445 29.577 30.042 29.002 29.532 29.627 30.84 31.195 30.657 31.875 35.047 35.045 32.21 32.135 36.13 32.697 33.83 35.287 35.307 34.585 33.847 33.792 33.305 33.387 33.63 33.892 34.13 34.34 35.177 36.822 36.572 35.735 35.032 34.252 34.53 34.49 35.41 34.735 34.712 34.805 34.972 35.13 35.227 35.36 35.507 36.78 40.53
23.382 24.68 27.232 24.932 25.212 26.057 27.297 27.31 26.675 26.882 27.152 27.942 29.142 31.355 29.94 26.76 30.312 27.712 27.392 28.12 29.587 28.397 28.292 30.085 29.09 29.09 32.477 32.207 29.472 29.947 30.257 30.527 31.29 31.117 31.475 33.522 33.905 32.897 34.385 33.842 33.297 34.18 35.097 34.76 34.545 34.122 33.9 34.25 33.567 33.757 34.062 34.705 34.732 35.12 35.227 35.327 35.307 37.557 38.285 37.452 35.05 35.697 34.965 35.092 35.205 35.362 35.522 35.64 35.76 35.857 35.97 36.675
24.43 24.952 27.22 25.56 26.612 26.247 25.517 25.23 25.47 25.957 26.332 26.937 27.162 28.007 27.517 28.225 37.457 33.23 31.92 28.267 28.207 28.262 28.515 28.955 30.125 29.587 30.605 30.02 29.762 30.425 30.537 33.412 31.087 31.062 31.385 32.917 34.315 33.532 32.587 32.552 32.185 34.107 34.51 34.135 34.385 35.515 34.3 34.552 35.172 33.977 34.247 35.39 34.337 34.147 34.805 35.3 35.335 35.972 37.407 37.61 35.44 35.372 35.372 35.5 35.682 35.84 35.905 35.975 36.122 36.185 36.337 36.955
23.382 26.615 27.65 28.26 25.14 27.662 26.235 25.432 25.69 26.012 26.012 26.19 26.495 26.567 26.432 34.13 39.107 32.475 37.217 30.857 29.035 30.542 29.245 30.107 29.212 29.317 29.482 29.642 29.987 30.392 31.837 35.007 32.482 31.26 31.642 32.875 34.005 33.28 32.317 32.325 32.54 34.567 34.322 34.247 34.417 34.94 35.257 36.707 34.742 34.28 34.545 35.422 34.26 34.032 34.032 34.1 35.187 35.68 37.445 38.232 37.237 35.982 36.012 35.952 36.1 36.237 36.335 36.362 36.402 36.502 36.81 37.427
23.675 27.722 29.107 27.337 24.935 25.127 25.512 25.147 26.262 25.757 28.565 28.325 26.76 26.877 27.38 33.332 32.867 33.547 36.295 29.182 28.815 29.88 29.012 30.79 31.625 29.585 30.152 31.18 30.397 30.725 32.537 36.417 33.105 31.595 31.782 32.415 32.43 32.72 32.76 32.942 33.175 33.64 34.097 34.39 34.722 35.425 37.62 35.872 37.242 35.645 34.532 34.887 35.33 34.817 34.24 34.45 35.675 36.512 36.505 36.78 37.68 37.355 37.185 37.072 37.307 36.665 36.692 36.742 36.752 36.905 37.357 37.94
23.057 24.562 24.477 24.67 23.927 24.27 25.005 24.557 24.815 25.085 25.85 26.475 26.06 27.237 29.035 35.225 34.382 35.467 31.647 28.562 28.162 28.662 28.645 32.117 30.67 29.357 29.772 30.192 30.257 30.452 30.752 33.19 31.587 31.52 31.762 32.025 32.285 32.522 32.782 33.072 33.265 33.462 33.662 33.915 34.282 35.175 36.942 35.832 36.97 37.065 37.1 34.72 34.95 35.402 35.53 35.555 36.48 36.382 36.28 36.405 36.535 36.79 37.495 38.96 40.162 37.815 37.637 37.11 37.117 37.33 37.885 38.33
22.402 22.875 23.5 23.392 23.525 26.975 24.055 24.49 25.015 25.75 25.27 26.155 25.94 26.137 26.445 27.595 31.087 31.015 27.572 28.217 28.557 28.425 28.677 29.38 29.27 29.62 29.827 30.422 30.73 30.957 32.02 31.582 32.302 32.917 32.112 32.41 32.582 32.885 33.28 33.35 33.775 33.897 34.31 34.41 34.407 34.605 35.117 36.202 36.392 36.965 37.207 35.192 35.212 35.97 35.927 36.032 36.6 36.375 36.52 36.652 36.75 36.862 37.042 37.347 42.507 39.517 39.987 39.357 40.302 40.37 38.15 38.47
23.795 23.87 24.817 24.705 25.01 24.902 25.052 26.497 28.955 27.922 26.615 28.402 27.125 27.72 27.757 28.3 33.902 29.962 29.12 30.537 30.037 29.845 30.41 31.67 31.86 31.715 32.237 36.107 34.372 33.07 34.147 34.417 32.887 34.232 32.92 33.197 33.482 33.62 33.985 34.132 34.695 34.382 35.62 34.972 35.21 35.075 35.03 35.032 35.33 35.937 36.21 36.385 36.197 36.312 36.397 36.495 36.982 36.99 36.902 36.985 37.172 37.507 37.732 37.962 38.675 38.16 38.525 40.47 41.82 42.087 41.52 38.995
23.1 23.702 26.16 24.715 26.012 25.085 25.042 25.2 26.16 26.475 26.997 27.73 27.907 28.862 28.4 28.2 28.335 28.665 28.827 29.13 29.482 29.845 30.945 30.815 30.872 31.607 32.022 34.742 32.62 32.507 32.245 32.742 32.727 32.895 33.08 33.372 33.58 33.83 33.992 34.355 34.405 36.192 34.722 34.915 35.16 35.512 36.087 35.752 35.505 35.625 36.022 36.737 38.255 37.82 37.027 37.1 37.16 37.582 37.512 37.652 37.935 38.032 38.142 38.23 38.302 38.415 38.507 39.71 40.042 40.495 41.592 39.455
23.465 23.915 26.11 24.367 25.027 24.89 24.925 25.4 25.817 26.22 26.727 27.012 27.272 27.387 27.827 28.352 28.81 28.615 28.807 29.185 29.655 29.99 30.295 30.99 31.39 31.71 31.827 32.202 32.617 32.57 32.325 32.52 32.932 33.21 33.367 33.63 33.865 34.147 34.312 34.512 34.775 34.96 35.19 35.477 35.507 35.662 35.952 36.29 36.875 36 35.992 36.242 39.167 38.417 38.912 38.402 37.547 37.77 37.867 38.195 38.277 38.47 39.282 38.707 38.64 38.71 38.805 38.895 39.01 39.13 39.592 39.967
24.27 25.255 24.18 24.522 24.642 24.962 25.057 25.412 25.715 26.422 26.885 27.025 27.187 27.417 27.78 28.42 28.605 28.735 29.027 29.32 29.917 30.652 30.7 31.137 31.935 31.515 31.767 33.095 33.695 32.82 32.49 32.567 32.892 33.322 33.62 33.98 34.25 34.485 34.592 34.84 35.167 35.402 35.682 35.827 35.962 36.167 36.472 36.725 37.112 36.827 36.565 36.487 36.56 38.895 38.865 38.555 39.025 38.3 38.382 39.807 39.057 38.725 40.29 40.187 39.62 38.967 39.07 39.162 39.27 39.352 39.495 39.592
23.61 23.815 24.245 24.405 24.945 25.272 25.34 25.385 25.912 26.34 28.25 27.115 27.4 27.595 27.992 28.35 28.41 28.822 29.04 29.472 29.992 30.84 31.575 31.97 31.832 31.495 32.707 32.875 32.922 33.515 32.685 32.837 33.772 33.502 33.74 34.077 34.605 34.685 34.687 34.94 35.242 35.557 35.887 36.202 36.352 36.612 36.982 37.252 37.412 37.64 38.295 38.507 39.525 37.802 37.955 38.255 40.722 40.062 39.022 40.615 39.12 38.97 39.047 39.62 39.15 39.257 40.782 39.987 39.51 39.597 39.74 39.847
24.08 23.88 23.872 24.1 24.5 25.125 25.555 25.782 27.242 27.26 27.302 27.402 27.565 27.677 27.85 28.477 28.472 28.752 28.96 29.777 30.97 31.367 31.96 31.792 31.495 31.847 32.302 31.96 32.475 32.897 33.335 32.997 33.72 33.665 34.015 34.285 34.79 34.872 35.022 35.205 35.452 35.675 36.007 36.36 36.725 37.06 37.435 37.71 39.402 37.962 38.22 38.565 39.087 37.747 37.492 37.727 38.512 40.595 40.487 40.012 39 39.125 39.962 39.387 39.677 39.697 41.38 40.762 39.777 39.872 39.97 40.102
24.09 25.637 24.92 24.355 24.49 24.682 25.3 25.562 26.715 27.315 28.527 29.427 28.765 28.242 27.937 28.325 28.625 29.145 29.595 29.935 30.667 32.792 32.295 32.425 32.457 32.205 31.98 32.317 33.065 33.222 34.55 34.402 33.45 33.807 34.187 34.535 34.902 35.25 35.562 35.892 36.13 35.975 36.31 36.625 37.31 37.417 37.607 37.78 38.067 38.205 38.362 38.532 38.732 38.847 38.61 37.88 38.235 39.787 40.287 41.902 39.812 39.542 39.785 39.657 39.815 39.842 40.132 39.995 40.055 40.135 40.25 40.327
26.722 26.727 26.752 24.41 25.067 24.7 25.062 25.55 27.035 27.23 28.962 29.27 28.21 29.67 27.935 28.34 28.635 29.067 31.1 30.19 30.93 32.195 32.455 32.205 31.47 31.815 32.147 32.517 33.187 35.397 34.55 34.417 33.965 34.372 35.445 34.812 35.325 36.072 37.355 36.99 36.447 36.435 36.847 37.177 39.78 41.47 41.272 40.417 38.475 38.512 38.572 38.665 38.815 38.942 39.292 39.05 38.555 39.83 39.665 41.02 42.2 41.472 39.842 39.872 40.022 40.117 40.212 40.355 40.317 40.37 40.527 40.567
26.535 27.335 27.277 25.15 24.197 24.587 25.13 25.662 26.765 27.62 29.21 29.03 29.367 30.857 29.095 28.545 28.99 29.07 30.205 30.427 31.76 31.41 31.78 31.145 31.525 31.915 32.357 32.7 33.18 33.792 34.475 34.407 34.32 34.625 35.855 35.322 35.685 36.18 37.115 37.562 36.667 36.37 36.997 37.987 40.907 42.437 42.57 40.832 38.78 38.76 38.78 38.885 38.955 39.052 39.242 39.432 39.747 40.955 39.275 39.13 41.525 43.857 42.075 40.65 40.175 40.365 40.557 40.607 40.862 40.687 40.792 40.805
25.637 27.295 26.925 26.17 24.755 24.725 25.222 26.11 27.3 27.752 29.345 28.455 28.507 30.387 30.245 29.93 29.757 29.545 30.277 32.11 31.462 31.022 30.842 31.472 31.95 32.812 34.712 33.835 33.607 33.965 34.35 34.552 34.752 34.675 35.117 36.215 36 36.382 36.517 36.357 36.35 37.122 38.94 40.867 41.43 41.817 41.832 41.152 38.795 38.805 38.88 38.977 39.115 39.217 39.447 39.602 39.745 40.447 40.772 41.315 39.687 40.315 42.122 43.047 42.292 40.805 40.742 40.837 40.862 41.132 41.125 41.29
26.91 26.675 25.997 24.47 24.45 25.087 25.722 26.19 27.167 27.85 29.125 28.212 28.292 29.115 29.752 30.027 29.847 30.02 30.305 30.457 30.872 30.905 31.212 32.025 32.88 33.477 33.947 34.317 34.397 34.922 35.04 35.122 34.715 35.007 35.42 35.91 37.185 36.597 36.405 36.5 36.797 37.632 43.225 44.315 43.872 43.227 41.67 39.185 38.792 38.822 38.927 39.347 39.235 39.385 39.555 39.77 39.955 40.125 40.532 42.667 40.992 40.062 41.075 41.932 43.212 43.085 41.342 41.055 41.19 41.23 41.342 41.735
23.277 24.735 24.232 24.187 25.365 27.577 28.242 27.852 26.975 27.812 28.827 29.047 28.045 29.027 29.747 30.365 30.352 30.495 30.237 30.86 31.162 31.095 31.98 33.16 33.937 34.425 35.262 34.912 35.05 35.517 35.64 35.195 34.96 35.292 35.675 36.112 36.54 36.615 36.635 37.902 38.95 38.922 44.222 45.617 45.58 45.28 43.117 38.775 38.755 39.527 41.197 41.405 39.707 39.587 39.742 39.932 40.142 40.295 40.425 40.882 42.04 42.037 41.75 40.525 41.037 42.91 43.692 42.757 41.827 41.48 41.525 41.81
23.485 23.702 24.032 24.38 24.652 25.7 25.962 27.102 26.962 28.007 27.395 28.377 28.295 29.13 29.78 30.605 30.965 31.927 32.267 31.61 31.17 31.765 33.1 33.305 33.892 34.637 35.275 35.315 35.53 35.745 35.835 35.15 35.157 35.54 35.937 36.325 36.602 36.61 36.862 38.56 38.985 39.37 45.28 46.11 46.047 44.775 42.205 38.767 38.765 39.812 41.482 40.87 39.522 39.73 39.977 40.187 40.32 40.472 40.635 40.78 41.11 41.48 41.947 41.177 40.932 41.037 43.402 44.125 44.272 42.627 41.872 42.727
23.305 23.585 24.18 24.685 24.882 25.245 25.537 27.417 27.197 27.332 27.872 27.095 28.2 30.215 30.195 30.685 30.947 31.342 32.35 32.62 32.627 33.057 33.297 33.857 33.727 34.642 35.367 35.382 35.777 35.857 35.88 35.222 35.367 35.7 36.092 36.445 36.812 38.11 38.17 38.295 39.015 39.617 44.997 46.16 45.872 44.347 39.517 38.775 38.815 39.377 40.02 40.69 39.73 39.922 40.142 40.3 40.535 40.667 40.797 40.982 41.122 42.467 43.882 43.717 42.355 42.515 47.865 42.932 43.155 44.14 44.212 45.015
23.045 23.445 24.632 26.215 25.017 25.555 27.352 26.812 28.075 27.99 27.767 27.387 28.16 29.92 30.645 30.712 31.267 31.92 32.067 32.355 33.377 33.607 33.727 33.36 34.282 34.702 34.802 35.442 35.47 35.232 35.145 35.202 35.527 35.862 36.257 36.582 36.792 38.112 37.795 38.795 39.377 41.137 45.16 46.317 45.702 44.285 40.16 38.805 38.97 39.32 40.142 41.915 39.945 40.092 40.282 40.482 40.635 40.835 40.995 41.152 41.435 42.32 44.765 46.355 48.862 46.797 48.195 45.495 42.912 43.262 45.32 46.27
22.842 23.49 25.5 24.9 25.087 26.582 27.05 26.967 28.77 28.272 27.645 27.25 28.265 29.13 30.082 30.955 31.637 32.2 32.59 33.647 32.725 33.757 34.262 34.95 35.002 34.777 34.715 35.17 34.592 34.807 35.102 35.41 35.722 36.087 36.422 36.74 36.797 37.07 37.4 38.72 40.397 42.065 45.315 46.182 45.752 45.14 40.027 38.915 39.352 40.162 41.005 40.025 40.072 40.267 40.45 40.612 40.795 40.96 41.18 41.347 41.53 41.705 44.71 49.55 46.942 45.25 46.475 48.595 48.345 42.157 43.67 46.445
22.77 23.435 24.087 24.755 25.037 25.415 26.195 26.99 28.025 27.445 28.597 27.607 28.542 29.302 29.875 30.85 31.677 32.055 32.25 32.845 33.652 34.04 34.475 35.055 34.537 35.827 35.237 34.872 34.62 34.912 35.197 35.562 35.927 36.29 36.61 36.832 36.72 37.065 37.48 39.007 40.005 42.42 45.067 45.372 45.44 45.567 40.612 39.035 39.655 40.357 40.96 40.532 40.262 40.44 40.6 40.77 40.925 41.115 41.327 41.525 41.645 41.91 45.767 49.952 44.005 46.332 46.14 44.927 49.57 42.715 47.06 49.667
22.877 23.222 24.172 25.327 25.195 25.417 25.845 26.882 28.037 28.542 30.767 29.437 29.472 29.535 29.785 30.302 31.735 32.23 32.805 33.127 33.482 33.845 34.277 33.837 34.425 34.455 36.002 34.425 34.667 35.002 35.357 35.725 36.145 36.485 36.765 37.057 37.112 37.155 37.475 38.535 39.017 40.957 43.282 44.285 41.937 41.252 39.015 39.152 39.382 39.712 39.985 40.197 40.387 40.59 40.76 40.925 41.082 41.295 41.477 41.612 41.732 41.94 45.057 49.212 45.817 46.175 46.16 46.625 46.212 44.632 48.097 46.047
